t = [25 30 35 40 45 50 55 60 65 70];
Rs = [84.8 85.7 86.7 87.9 89.1 90.3 91.6 93 94.4 95.8];
Rz = [85.5 86.3 87.7 89.2 91.3 92.6 93.8 95.3 96.4 97.2];
