%%
R1=5; R2=3; R3=10; R4=2; R5=5; R6=8; R7=4; R8=5; R9=7; Us=24;
Rq1=R7+R8+R9
Rq2=Rq1*R6/(Rq1+R6)
Rq3=Rq2+R4+R5
Rq4=Rq3*R3/(Rq3+R3)
%% I1=I2 U3
I1 =24/(R1+R2+Rq4)
U3 = Us - I1*(R1+R2)
I3 = U3/R3
%% I4=I5 U6
I4 = U3/(R4+R5+Rq2)
U6 = U3 - I4*(R4+R5)
%% I7 I9 I8 
I9 = U6/(R7+R8+R9)
U9 = I9*R9