R1=10;R2=5;R3=20;
Us1=12;
Us23=7.6;

g1=1/10; g2=1/5; g3=1/20;
