Us1 = 9;
R1=20;R2=10;R3=30;

g1=1/20; g2=1/10; g3=1/30;

R =[g1+g2+g3-1 -g1-g2
    g1+g2      -g1-g2];
U = [Us1*g1;Us1*g1];

Fi=R\U;

